# Onn Tai Yong : 53000055

Buchanan Tower

# Number of textures
15

# Names of textures
BT_Floor.ppm
BT_Roof_1.ppm
BT_Roof_2.ppm
BT_Roof_3.ppm
BT_Front_1.ppm
BT_Front_2.ppm
BT_Front_3.ppm
BT_Right_1.ppm
BT_Right_2.ppm
BT_Back_1.ppm
BT_Back_2.ppm
BT_Left_1.ppm
BT_Left_2.ppm
BT_Wall.ppm
BT_Glass.ppm

# Number of vertices
40

# List of vertices

# Ground level vertices (0 - 11)
v -1.2 0.0 0.8
v -0.7 0.0 0.8
v -0.5 0.0 1.0
v 0.5 0.0 1.0
v 0.7 0.0 0.8
v 1.2 0.0 0.8
v 1.2 0.0 -0.8
v 0.7 0.0 -0.8
v 0.5 0.0 -1.0
v -0.5 0.0 -1.0
v -0.7 0.0 -0.8
v -1.2 0.0 -0.8

# Level 1 vertices	(12 - 19)
v -1.2 1.8 0.8
v -0.7 1.8 0.8
v -0.7 1.8 -0.8
v -1.2 1.8 -0.8

v 0.7 1.8 0.8
v 1.2 1.8 0.8
v 1.2 1.8 -0.8
v 0.7 1.8 -0.8

# Level 2 vertices	(20 - 23)
v -0.5 2.0 1.0
v 0.5 2.0 1.0
v 0.5 2.0 -1.0
v -0.5 2.0 -1.0

# Missing vertices floor (24 - 31)
v -0.7 0.0 0.7
v -0.5 0.0 0.7
v 0.5 0.0 0.7
v 0.7 0.0 0.7
v 0.7 0.0 -0.7
v 0.5 0.0 -0.7
v -0.5 0.0 -0.7
v -0.7 0.0 -0.7

# Missing vertices level	(32 - 39)
v -0.7 1.7 0.7
v -0.5 1.7 0.7
v 0.5 1.7 0.7
v 0.7 1.7 0.7
v 0.7 1.7 -0.7
v 0.5 1.7 -0.7
v -0.5 1.7 -0.7
v -0.7 1.7 -0.7


# Number of triangles
52

# t t1, t2, t3; n1, n2, n4; texture; s1,t1 s2,t2, s3,t3
# Ground level face
t  0 11 10	 0.0 -1.0 0.0		 0		 0.0 1.0		 0.0 0.0		 1.0 0.0
t  0 10 1		 0.0 -1.0 0.0		 0		 0.0 1.0		 1.0 0.0		 1.0 1.0
t  2 9 8		 0.0 -1.0 0.0		 0		 0.0 1.0		 0.0 0.0		 1.0 0.0
t	 2 8 3		 0.0 -1.0 0.0		 0		 0.0 1.0		 1.0 0.0		 1.0 1.0
t	 4 7 6		 0.0 -1.0 0.0		 0		 0.0 1.0		 0.0 0.0		 1.0 0.0
t	 4 6 5		 0.0 -1.0 0.0		 0		 0.0 1.0		 1.0 0.0		 1.0 1.0

# Missing Ground level
t  24 31 30	 0.0 -1.0 0.0		 0		 0.0 1.0		 0.0 0.0		 1.0 0.0
t  24 30 25	 0.0 -1.0 0.0		 0		 0.0 1.0		 0.0 0.0		 1.0 0.0
t  26 29 28	 0.0 -1.0 0.0		 0		 0.0 1.0		 0.0 0.0		 1.0 0.0
t  26 28 27	 0.0 -1.0 0.0		 0		 0.0 1.0		 0.0 0.0		 1.0 0.0

# Level 1 face
t	 12 14 15	 0.0 1.0 0.0		 1		 0.0 0.0		 1.0 1.0		 1.0 0.0
t	 12 13 14	 0.0 1.0 0.0		 1		 0.0 0.0		 0.0 1.0		 1.0 1.0
t	 16 18 19	 0.0 1.0 0.0		 3		 0.0 0.0		 1.0 1.0		 1.0 0.0
t	 16 17 18	 0.0 1.0 0.0		 3		 0.0 0.0		 0.0 1.0		 1.0 1.0

# Level 2 face
t	 20 22 23	 0.0 1.0 0.0 	 2			 0.0 0.0		 1.0 1.0		 1.0 0.0
t	 20 21 22	 0.0 1.0 0.0 	 2			 0.0 0.0		 0.0 1.0		 1.0 1.0

# Missing Level face
t	 32 38 39	 0.0 1.0 0.0 	 13			 0.0 0.0		 1.0 1.0		 1.0 0.0
t	 32 33 38	 0.0 1.0 0.0 	 13			 0.0 0.0		 0.0 1.0		 1.0 1.0
t	 34 36 37	 0.0 1.0 0.0 	 13			 0.0 0.0		 1.0 1.0		 1.0 0.0
t	 34 35 36	 0.0 1.0 0.0 	 13			 0.0 0.0		 0.0 1.0		 1.0 1.0


# Front face
t	 0 13 12	 0.0 0.0 1.0	 4			 0.0 1.0		 1.0 0.0		 0.0 0.0		
t	 0  1 13	 0.0 0.0 1.0	 4			 0.0 1.0		 1.0 1.0		 1.0 0.0
t	 2 21 20	 0.0 0.0 1.0	 5			 0.0 1.0		 1.0 0.0		 0.0 0.0		
t	 2  3 21	 0.0 0.0 1.0	 5			 0.0 1.0		 1.0 1.0		 1.0 0.0
t	 4 17 16	 0.0 0.0 1.0	 6			 0.0 1.0		 1.0 0.0		 0.0 0.0
t	 4  5 17	 0.0 0.0 1.0	 6			 0.0 1.0		 1.0 1.0		 1.0 0.0	

# Missing front face
t	 24 33 32	 0.0 0.0 1.0	 14			 0.0 1.0		 1.0 0.0		 0.0 0.0		
t	 24 25 33	 0.0 0.0 1.0	 14			 0.0 1.0		 1.0 1.0		 1.0 0.0
t	 26 35 34	 0.0 0.0 1.0	 14			 0.0 1.0		 1.0 0.0		 0.0 0.0		
t	 26 27 35	 0.0 0.0 1.0	 14			 0.0 1.0		 1.0 1.0		 1.0 0.0

# Right side face
t	 3 22 21	 1.0 0.0 0.0	 7			 0.0 1.0		 1.0 0.0		 0.0 0.0	
t	 3  8 22	 1.0 0.0 0.0	 7			 0.0 1.0		 1.0 1.0		 1.0 0.0
t  5 18 17	 1.0 0.0 0.0	 8			 0.0 1.0		 1.0 0.0		 0.0 0.0
t	 5  6 18	 1.0 0.0 0.0	 8			 0.0 1.0		 1.0 1.0		 1.0 0.0

# Missing Right side
t	 1 14 13	 1.0 0.0 0.0	 13			 0.0 1.0		 1.0 0.0		 0.0 0.0	
t	 1 10 14	 1.0 0.0 0.0	 13			 0.0 1.0		 1.0 1.0		 1.0 0.0

# Back face
t 11 15 14	 0.0 0.0 -1.0	 9			 0.0 1.0		 0.0 0.0		 1.0 0.0
t 11 14 10 	 0.0 0.0 -1.0	 9			 0.0 1.0		 1.0 0.0		 1.0 1.0
t	 9 23 22	 0.0 0.0 -1.0	 10			 0.0 1.0		 0.0 0.0		 1.0 0.0
t	 9 22  8 	 0.0 0.0 -1.0	 10			 0.0 1.0		 1.0 0.0		 1.0 1.0
t	 7 19 18	 0.0 0.0 -1.0	 9			 0.0 1.0		 0.0 0.0		 1.0 0.0
t	 7 18  6	 0.0 0.0 -1.0	 9			 0.0 1.0		 1.0 0.0		 1.0 1.0

# Missing back face
t 31 39 38	 0.0 0.0 -1.0	 14			 0.0 1.0		 0.0 0.0		 1.0 0.0
t 31 38 30 	 0.0 0.0 -1.0	 14			 0.0 1.0		 1.0 0.0		 1.0 1.0
t 29 37 36	 0.0 0.0 -1.0	 14			 0.0 1.0		 0.0 0.0		 1.0 0.0
t 29 36 28 	 0.0 0.0 -1.0	 14			 0.0 1.0		 1.0 0.0		 1.0 1.0

# Left side face
t	 2 20 23	 -1.0 0.0 0.0	 11			 0.0 1.0		 0.0 0.0		 1.0 0.0
t	 2 23  9	 -1.0 0.0 0.0	 11			 0.0 1.0		 1.0 0.0		 1.0 1.0
t  0 12 15	 -1.0 0.0 0.0	 12			 0.0 1.0		 0.0 0.0		 1.0 0.0
t	 0 15 11	 -1.0 0.0 0.0	 12			 0.0 1.0		 1.0 0.0		 1.0 1.0

# Missing Left side face
t	 4 16 19	 -1.0 0.0 0.0	 13			 0.0 1.0		 0.0 0.0		 1.0 0.0
t	 4 19  7	 -1.0 0.0 0.0	 13			 0.0 1.0		 1.0 0.0		 1.0 1.0