# Ning Sun: 35794080

Engineering Building

#Number of textures
21

# Names of textures, in order used below
texture000.ppm
texture001.ppm
texture002.ppm
texture003.ppm
texture004.ppm
texture005.ppm
texture006.ppm
texture007.ppm
texture008.ppm
texture009.ppm
texture010.ppm
texture011.ppm
texture012.ppm
texture013.ppm
texture014.ppm
texture015.ppm
texture016.ppm
texture017.ppm
texture018.ppm
texture019.ppm
texture020.ppm

# Number of vertices
63

# List of vertices

v 0.0 0.0 0.0
v 1.5 0.0 0.0
v 1.5 6.0 0.0
v 0.0 6.0 0.0
v 1.5 0.0 -0.8
v 2.0 0.0 -0.8
v 2.0 5.0 -0.8
v 1.5 5.0 -0.8
v 2.0 0.0 0.0
v 5.5 0.0 0.0
v 5.5 5.0 0.0
v 2.0 5.0 0.0
v 1.5 5.0 0.0

# Right
v 5.5 0.0 -9.0
v 5.5 5.0 -9.0

# Back
v 2.0 0.0 -9.0
v 2.0 5.0 -9.0
v 2.0 0.0 -8.2
v 1.5 0.0 -8.2
v 1.5 5.0 -8.2
v 2.0 5.0 -8.2
v 1.5 0.0 -9.0
v 0.0 0.0 -9.0
v 0.0 6.0 -9.0
v 1.5 6.0 -9.0
v 1.5 5.0 -9.0

# Left
v 0.0 0.0 -7.0
v 0.0 6.5 -7.0
v 1.5 0.0 -7.0
v 1.5 0.0 -2.0
v 1.5 5.0 -2.0
v 1.5 5.0 -7.0
v 1.5 6.5 -7.0
v 1.5 6.5 -2.0
v 0.0 0.0 -2.0
v 0.0 0.0 -1.5
v 0.0 6.5 -1.5
v 0.0 6.5 -2.0
v 0.0 6.0 -1.5
v 0.0 0.0 -7.5
v 0.0 6.0 -7.5
v 0.0 6.5 -7.5

# Roof
v 1.5 6.5 -7.5
v 1.5 6.0 -7.5
v 1.5 5.0 -7.5
v 1.5 5.0 -7.0
v 5.5 5.0 -8.2
v 5.5 5.0 -0.8
v 1.5 6.0 -1.5
v 1.5 6.5 -1.5
v 1.5 5.0 -1.5

# Roof at entrance
v 0.0 1.0 1.0
v 2.0 1.0 1.0
v 0.0 1.2 1.0
v 2.0 1.2 1.0
v 2.0 1.0 0.0
v 2.0 1.2 0.0
v 0.0 1.0 0.0
v 0.0 1.2 0.0 
v 1.5 1.2 1.0
v 1.5 1.2 0.0
v 1.5 1.2 -0.8
v 2.0 1.2 -0.8

# Number of triangles
72

# List of triangles

t 8 9 10    0.0 0.0 1.0    0   0.0 1.0  1.0 1.0  1.0 0.0
t 8 10 11   0.0 0.0 1.0    0   0.0 1.0  1.0 0.0  0.0 0.0
t 4 5 6     0.0 0.0 1.0    1   0.0 1.0  1.0 1.0  1.0 0.0
t 4 6 7     0.0 0.0 1.0    1   0.0 1.0  1.0 0.0  0.0 0.0
t 5 8 11    -1.0 0.0 0.0   2   0.0 1.0  1.0 1.0  1.0 0.0
t 5 11 6    -1.0 0.0 0.0   2   0.0 1.0  1.0 0.0  0.0 0.0
t 0 1 2     0.0 0.0 1.0    3   0.0 1.0  1.0 1.0  1.0 0.0
t 0 2 3     0.0 0.0 1.0    3   0.0 1.0  1.0 0.0  0.0 0.0
t 1 4 7     1.0 0.0 0.0    4   0.0 1.0  1.0 1.0  1.0 0.0
t 1 7 12    1.0 0.0 0.0    4   0.0 1.0  1.0 0.0  0.0 0.0
t 9 13 14   1.0 0.0 0.0    5   0.0 1.0  1.0 1.0  1.0 0.0
t 9 14 10   1.0 0.0 0.0    5   0.0 1.0  1.0 0.0  0.0 0.0
t 13 15 16  0.0 0.0 -1.0   6   0.0 1.0  1.0 1.0  1.0 0.0
t 13 16 14  0.0 0.0 -1.0   6   0.0 1.0  1.0 0.0  0.0 0.0
t 15 17 20  -1.0 0.0 0.0   7   0.0 1.0  1.0 1.0  1.0 0.0
t 15 20 16  -1.0 0.0 0.0   7   0.0 1.0  1.0 0.0  0.0 0.0
t 17 18 19  0.0 0.0 -1.0   8   0.0 1.0  1.0 1.0  1.0 0.0
t 17 19 20  0.0 0.0 -1.0   8   0.0 1.0  1.0 0.0  0.0 0.0
t 18 21 25  1.0 0.0 0.0    9   0.0 1.0  1.0 1.0  1.0 0.0
t 18 25 19  1.0 0.0 0.0    9   0.0 1.0  1.0 0.0  0.0 0.0
t 21 22 23  0.0 0.0 -1.0   10  0.0 1.0  1.0 1.0  1.0 0.0
t 21 23 24  0.0 0.0 -1.0   10  0.0 1.0  1.0 0.0  0.0 0.0
t 22 39 41  -1.0 0.0 0.0   11  0.0 1.0  1.0 1.0  1.0 0.0
t 22 40 23  -1.0 0.0 0.0   11  0.0 1.0  1.0 0.0  0.0 0.0
t 39 26 27  -1.0 0.0 0.0   12  0.0 1.0  1.0 1.0  1.0 0.0
t 39 27 41  -1.0 0.0 0.0   12  0.0 1.0  1.0 0.0  0.0 0.0
t 28 29 30  -1.0 0.0 0.0   13  0.0 1.0  1.0 1.0  1.0 0.0
t 28 30 31  -1.0 0.0 0.0   13  0.0 1.0  1.0 0.0  0.0 0.0
t 34 35 36  -1.0 0.0 0.0   14  0.0 1.0  1.0 1.0  1.0 0.0
t 34 36 37  -1.0 0.0 0.0   14  0.0 1.0  1.0 0.0  0.0 0.0
t 35 0 3    -1.0 0.0 0.0   15  0.0 1.0  1.0 1.0  1.0 0.0
t 35 3 38   -1.0 0.0 0.0   15  0.0 1.0  1.0 0.0  0.0 0.0
t 26 28 32  0.0 0.0 1.0    16  0.0 1.0  1.0 1.0  1.0 0.0
t 26 32 27  0.0 0.0 1.0    16  0.0 1.0  1.0 0.0  0.0 0.0
t 29 34 37  0.0 0.0 -1.0   16  0.0 1.0  1.0 1.0  1.0 0.0
t 29 37 33  0.0 0.0 -1.0   16  0.0 1.0  1.0 0.0  0.0 0.0
t 43 40 41  0.0 0.0 -1.0   17  0.0 1.0  1.0 1.0  1.0 0.0
t 43 41 42  0.0 0.0 -1.0   17  0.0 1.0  1.0 0.0  0.0 0.0
t 42 41 27  0.0 1.0 0.0    17  0.0 1.0  1.0 1.0  1.0 0.0
t 42 27 32  0.0 1.0 0.0    17  0.0 1.0  1.0 0.0  0.0 0.0
t 24 23 40  0.0 1.0 0.0    17  0.0 1.0  1.0 1.0  1.0 0.0
t 24 40 43  0.0 1.0 0.0    17  0.0 1.0  1.0 0.0  0.0 0.0
t 44 25 24  1.0 0.0 0.0    17  0.0 1.0  1.0 1.0  1.0 0.0
t 44 24 43  1.0 0.0 0.0    17  0.0 1.0  1.0 0.0  0.0 0.0
t 45 44 42  1.0 0.0 0.0    17  0.0 1.0  1.0 1.0  1.0 0.0
t 45 42 32  1.0 0.0 0.0    17  0.0 1.0  1.0 0.0  0.0 0.0
t 46 19 7   0.0 1.0 0.0    17  0.0 1.0  1.0 1.0  1.0 0.0
t 46 7 47   0.0 1.0 0.0    17  0.0 1.0  1.0 0.0  0.0 0.0
t 14 16 20  0.0 1.0 0.0    17  0.0 1.0  1.0 1.0  1.0 0.0
t 14 20 46  0.0 1.0 0.0    17  0.0 1.0  1.0 0.0  0.0 0.0
t 47 6 11   0.0 1.0 0.0    17  0.0 1.0  1.0 1.0  1.0 0.0
t 47 11 10  0.0 1.0 0.0    17  0.0 1.0  1.0 0.0  0.0 0.0
t 38 48 49  0.0 0.0 1.0    17  0.0 1.0  1.0 1.0  1.0 0.0
t 38 49 36  0.0 0.0 1.0    17  0.0 1.0  1.0 0.0  0.0 0.0
t 36 49 33  0.0 1.0 0.0    17  0.0 1.0  1.0 1.0  1.0 0.0
t 36 33 37  0.0 1.0 0.0    17  0.0 1.0  1.0 0.0  0.0 0.0
t 3 2 48    0.0 1.0 0.0    17  0.0 1.0  1.0 1.0  1.0 0.0
t 3 48 38   0.0 1.0 0.0    17  0.0 1.0  1.0 0.0  0.0 0.0
t 50 30 33  1.0 0.0 0.0    17  0.0 1.0  1.0 1.0  1.0 0.0
t 50 33 49  1.0 0.0 0.0    17  0.0 1.0  1.0 0.0  0.0 0.0
t 12 50 48  1.0 0.0 0.0    17  0.0 1.0  1.0 1.0  1.0 0.0
t 12 48 2   1.0 0.0 0.0    17  0.0 1.0  1.0 0.0  0.0 0.0
t 51 52 54  0.0 0.0 1.0    18  0.0 1.0  1.0 1.0  1.0 0.0
t 51 54 53  0.0 0.0 1.0    18  0.0 1.0  1.0 0.0  0.0 0.0
t 52 55 56  1.0 0.0 0.0    19  0.0 1.0  1.0 1.0  1.0 0.0
t 52 56 54  1.0 0.0 0.0    19  0.0 1.0  1.0 0.0  0.0 0.0
t 57 51 53  -1.0 0.0 0.0   19  0.0 1.0  1.0 1.0  1.0 0.0
t 57 53 58  -1.0 0.0 0.0   19  0.0 1.0  1.0 0.0  0.0 0.0
t 59 60 58  0.0 1.0 0.0    20  0.0 1.0  1.0 1.0  1.0 0.0
t 59 58 53  0.0 1.0 0.0    20  0.0 1.0  1.0 0.0  0.0 0.0
t 59 54 62  0.0 1.0 0.0    20  0.0 1.0  1.0 1.0  1.0 0.0
t 59 62 61  0.0 1.0 0.0    20  0.0 1.0  1.0 0.0  0.0 0.0