# Melody Tsou: 23461031

CHEEZE FACTORY

# Number of textures
37

# Names of textures
# day time textures
cheeze_d0000.ppm
cheeze_d0001.ppm
cheeze_d0002.ppm
cheeze_d0003.ppm
cheeze_d0004.ppm
cheeze_d0005.ppm
cheeze_d0006.ppm
cheeze_d0007.ppm
cheeze_d0008.ppm
cheeze_d0009.ppm
cheeze_d0010.ppm
cheeze_d0011.ppm
cheeze_d0012.ppm
cheeze_d0013.ppm
cheeze_d0014.ppm
cheeze_d0015.ppm
cheeze_d0016.ppm
cheeze_d0017.ppm
cheeze_d0018.ppm
cheeze_d0019.ppm
cheeze_d0020.ppm
cheeze_d0021.ppm
cheeze_d0022.ppm
cheeze_d0023.ppm
cheeze_d0024.ppm
cheeze_d0025.ppm
cheeze_d0026.ppm
cheeze_d0027.ppm
cheeze_d0028.ppm
cheeze_d0029.ppm
cheeze_d0030.ppm
cheeze_d0031.ppm
cheeze_d0032.ppm
cheeze_d0033.ppm
cheeze_d0034.ppm
cheeze_d0035.ppm
cheeze_d0036.ppm


# night time textures
#cheeze_n0001.ppm


# Number of vertices
141

# List of vertices
# Wall Bottom (6: 0-5)
v 0.0 0.0 0.0
v 0.0 0.0 17.0
v 5.0 0.0 17.0
v 5.0 0.0 13.0
v 20.0 0.0 13.0
v 20.0 0.0 0.0
# Back Shed (8: 6-13)
v 16.5 0.0 0.0
v 16.5 0.0 -0.75
v 14.0 0.0 -0.75
v 14.0 0.0 0.0
v 16.5 2.0 0.0
v 16.5 2.0 -0.75
v 14.0 2.0 -0.75
v 14.0 2.0 0.0
# Wall Top (6: 14-19)
v 0.0 4.0 0.0
v 0.0 4.0 17.0
v 5.0 4.0 17.0
v 5.0 4.0 13.0
v 20.0 4.0 13.0
v 20.0 4.0 0.0

# Roof Base Layer (6: 20-25)
v -1.0 3.0 -1.0
v -1.0 3.0 18.0
v 6.0 3.0 18.0
v 6.0 3.0 14.0
v 21.0 3.0 14.0
v 21.0 3.0 -1.0
# Roof Top Layer (16: 26-41)
# back side
v 8.0 3.0 -1.0
v 2.5 6.5 2.5
v 3.5 7.5 3.5
v 5.0 6.0 2.0
v 6.5 4.5 3.5
v 19.5 4.5 3.5
v 18.0 6.0 2.0
v 19.5 4.5 0.5
# front side
v 2.5 6.5 10.5
v 3.5 7.5 9.5
v 5.0 6.0 11.0
v 6.5 4.5 9.5
v 19.5 4.5 9.5
v 18.0 6.0 11.0
v 19.5 4.5 12.5
v 2.5 6.5 14.5
# roof texture correction points (3: 42-44)
v 5.0 6.0 5.0
v 2.0 6.0 11.0
v 21.0 3.0 8.0
# door thingy (6: 45-50)
v 13.0 3.0 14.0
v 13.0 3.0 14.5
v 15.0 3.0 14.5
v 15.0 3.0 14.0
v 14.0 4.0 13.0
v 14.0 4.0 13.5

# Skylight 1 (16: 51-67)
v 7.5 4.5 5.0
v 10.5 4.5 5.0
v 10.5 4.5 8.0
v 7.5 4.5 8.0
v 7.5 4.75 5.0
v 10.5 4.75 5.0
v 10.5 4.75 8.0
v 7.5 4.75 8.0
v 8.75 6.0 6.25
v 9.25 6.0 6.25
v 9.25 6.0 6.75
v 8.75 6.0 6.75
v 8.75 6.25 6.25
v 9.25 6.25 6.25
v 9.25 6.25 6.75
v 8.75 6.25 6.75
v 9.0 6.25 6.5
# Skylight 2 (16: 68-84)
v 13.0 4.5 5.0
v 16.0 4.5 5.0
v 16.0 4.5 8.0
v 13.0 4.5 8.0
v 13.0 4.75 5.0
v 16.0 4.75 5.0
v 16.0 4.75 8.0
v 13.0 4.75 8.0
v 14.25 6.0 6.25
v 14.75 6.0 6.25
v 14.75 6.0 6.75
v 14.25 6.0 6.75
v 14.25 6.25 6.25
v 14.75 6.25 6.25
v 14.75 6.25 6.75
v 14.25 6.25 6.75
v 14.5 6.25 6.5

# Vent 1 (8: 85-92)
v 8.0 5.75 2.25
v 8.3 5.75 2.25
v 8.3 5.5 2.5
v 8.0 5.5 2.5
v 8.0 5.8 2.3
v 8.3 5.8 2.3
v 8.3 5.55 2.55
v 8.0 5.55 2.55
# Vent 2 (8: 93-100)
v 15.0 5.75 2.25
v 15.3 5.75 2.25
v 15.3 5.5 2.5
v 15.0 5.5 2.5
v 15.0 5.8 2.3
v 15.3 5.8 2.3
v 15.3 5.55 2.55
v 15.0 5.55 2.55
# Vent 3 (8: 101-108)
v 8.0 5.5 10.5
v 8.3 5.5 10.5
v 8.3 5.75 10.75
v 8.0 5.75 10.75
v 8.0 5.55 10.45
v 8.3 5.55 10.45
v 8.3 5.8 10.7
v 8.0 5.8 10.7
# Vent 4 (8: 109-116)
v 15.0 5.5 10.5
v 15.3 5.5 10.5
v 15.3 5.75 10.75
v 15.0 5.75 10.75
v 15.0 5.55 10.45
v 15.3 5.55 10.45
v 15.3 5.8 10.7
v 15.0 5.8 10.7
# Vent 5 (8: 117-124)
#v 2.25 6.25 12.3
#v 2.25 6.25 12.6
#v 2.0 6.0 12.6
#v 2.0 6.0 12.3
#v 2.2 6.3 12.3
#v 2.2 6.3 12.6
#v 1.95 6.05 12.6
#v 1.95 6.05 12.3
# Vent 5 (8: 117-124)
v 2.25 6.25 12.3
v 2.25 6.25 12.6
v 2.0 6.0 12.6
v 2.0 6.0 12.3
v 2.15 6.35 12.3
v 2.15 6.35 12.6
v 1.9 6.1 12.6
v 1.9 6.1 12.3
# Vent 6 (8: 125-132)
v 3.25 7.25 4.3
v 3.25 7.25 4.6
v 3.0 7.0 4.6
v 3.0 7.0 4.3
v 3.15 7.35 4.3
v 3.15 7.35 4.6
v 2.9 7.1 4.6
v 2.9 7.1 4.3

# BBQ Thingy (8: 133-140)
v 6.5 0.0 16.0
v 9.0 0.0 16.0
v 9.0 0.0 17.0
v 6.5 0.0 17.0
v 6.5 1.0 16.0
v 9.0 1.0 16.0
v 9.0 1.0 17.0
v 6.5 1.0 17.0


# Number of triangles
169

# List of triangles
# Walls (12: 0-11)
t 17  3  4   0.0 0.0 1.0   0   0.0 0.0  0.0 1.0  1.0 1.0
t  4 18 17   0.0 0.0 1.0   0   1.0 1.0  1.0 0.0  0.0 0.0
t 18  4  5   1.0 0.0 0.0   1   0.0 0.0  0.0 1.0  1.0 1.0
t 5  19 18   1.0 0.0 0.0   1   1.0 1.0  1.0 0.0  0.0 0.0
t 19  5  0   0.0 0.0 -1.0  2   0.0 0.0  0.0 1.0  1.0 1.0
t  0 14 19   0.0 0.0 -1.0  2   1.0 1.0  1.0 0.0  0.0 0.0
t 14  0  1   -1.0 0.0 0.0  3   0.0 0.0  0.0 1.0  1.0 1.0
t  1 15 14   -1.0 0.0 0.0  3   1.0 1.0  1.0 0.0  0.0 0.0
t 15  1  2   0.0 0.0 1.0   4   0.0 0.0  0.0 1.0  1.0 1.0
t  2 16 15   0.0 0.0 1.0   4   1.0 1.0  1.0 0.0  0.0 0.0
t 16  2  3   1.0 0.0 0.0   5   0.0 0.0  0.0 1.0  1.0 1.0
t  3 17 16   1.0 0.0 0.0   5   1.0 1.0  1.0 0.0  0.0 0.0
# Back shack (8: 12-19)
t 10  6  7   1.0 0.0 0.0   6   0.0 0.0  0.0 1.0  1.0 1.0
t  7 11 10   1.0 0.0 0.0   6   1.0 1.0  1.0 0.0  0.0 0.0
t 11  7  8   0.0 0.0 -1.0  7   0.0 0.0  0.0 1.0  1.0 1.0
t  8 12 11   0.0 0.0 -1.0  7   1.0 1.0  1.0 0.0  0.0 0.0
t 12  8  9   -1.0 0.0 0.0  6   0.0 0.0  0.0 1.0  1.0 1.0
t  9 13 12   -1.0 0.0 0.0  6   1.0 1.0  1.0 0.0  0.0 0.0
t 10 11 12   0.0 1.0 0.0   8   0.0 0.0  0.0 1.0  1.0 1.0
t 12 13 10   0.0 1.0 0.0   8   1.0 1.0  1.0 0.0  0.0 0.0
# Roof (30 so far: 20-49)
t 35 43 36   0.0 1.0 1.0    9  0.5 0.0  0.0 1.0  1.0 1.0
t 43 23 36   0.0 1.0 1.0   26  0.0 0.0  0.0 1.0  1.0 0.0
t 36 23 24   0.0 1.0 1.0   10  0.0 0.0  0.0 1.0  1.0 1.0
t 24 39 36   0.0 1.0 1.0   10  1.0 1.0  1.0 0.0  0.0 0.0
t 38 44 25   1.0 1.0 0.0   11  0.0 0.0  0.0 1.0  1.0 1.0
t 25 33 38   1.0 1.0 0.0   11  1.0 1.0  1.0 0.0  0.0 0.0
t 39 24 44   1.0 1.0 0.0   27  0.5 0.0  0.0 1.0  1.0 1.0
t 32 31 33   1.0 1.0 0.0   12  0.5 0.0  0.0 1.0  1.0 1.0
t 32 25 26   0.0 1.0 -1.0  13  0.0 0.0  0.0 1.0  1.0 1.0
t 26 29 32   0.0 1.0 -1.0  13  1.0 1.0  1.0 0.0  0.0 0.0
t 28 26 20   0.0 1.0 -1.0  14  0.5 0.0  0.0 1.0  1.0 1.0
t 27 20 21   -1.0 1.0 0.0  15  0.0 0.0  0.0 1.0  1.0 1.0
t 21 41 27   -1.0 1.0 0.0  15  1.0 1.0  1.0 0.0  0.0 0.0
t 28 27 34   -1.0 1.0 0.0  16  0.0 0.0  0.0 1.0  1.0 1.0
t 34 35 28   -1.0 1.0 0.0  16  1.0 1.0  1.0 0.0  0.0 0.0
t 41 21 22   0.0 1.0 1.0   17  0.5 0.0  0.0 1.0  1.0 1.0
t 41 22 23   1.0 1.0 0.0   18  0.0 0.0  0.0 1.0  1.0 1.0
t 23 34 41   1.0 1.0 0.0   18  1.0 1.0  1.0 0.0  0.0 0.0
t 39 38 37   0.0 1.0 -1.0  19  0.0 0.0  0.0 1.0  1.0 1.0
t 37 36 39   0.0 1.0 -1.0  19  1.0 1.0  1.0 0.0  0.0 0.0
t 29 30 31   0.0 1.0 1.0   20  0.0 0.0  0.0 1.0  1.0 1.0
t 31 32 29   0.0 1.0 1.0   20  1.0 1.0  1.0 0.0  0.0 0.0
t 35 36 42   1.0 1.0 0.0   21  0.0 0.0  0.0 1.0  1.0 1.0
t 42 28 35   1.0 1.0 0.0   21  1.0 1.0  1.0 0.0  0.0 0.0
t 28 42 29   1.0 1.0 0.0   22  0.5 0.0  0.0 1.0  1.0 1.0
t 36 37 30   1.0 1.0 0.0   23  0.0 0.0  0.0 1.0  1.0 1.0
t 30 42 36   1.0 1.0 0.0   23  1.0 1.0  1.0 0.0  0.0 0.0
t 42 30 29   1.0 1.0 0.0   24  0.0 0.0  0.5 1.0  1.0 0.0
t 30 37 38   0.0 0.0 1.0   25  0.0 0.0  0.0 1.0  1.0 1.0
t 38 31 30   0.0 0.0 1.0   25  1.0 1.0  1.0 0.0  0.0 0.0
# Door Thingy (5: 50-54)
t 50 46 47   0.0 0.0 1.0   28  0.5 0.0  0.0 1.0  1.0 1.0
t 50 47 48   1.0 1.0 0.0   29  0.0 0.0  0.0 1.0  1.0 1.0
t 48 49 50   1.0 1.0 0.0   29  1.0 1.0  1.0 0.0  0.0 0.0
t 49 45 46   -1.0 1.0 0.0  30  0.0 0.0  0.0 1.0  1.0 1.0
t 46 50 49   -1.0 1.0 0.0  30  1.0 1.0  1.0 0.0  0.0 0.0
# Skylight#1 (22: 55-76)
t 58 54 53   0.0 0.0 1.0   31  0.0 0.0  0.0 1.0  1.0 1.0
t 53 57 58   0.0 0.0 1.0   31  1.0 1.0  1.0 0.0  0.0 0.0
t 57 53 52   1.0 0.0 0.0   31  0.0 0.0  0.0 1.0  1.0 1.0
t 52 56 57   1.0 0.0 0.0   31  1.0 1.0  1.0 0.0  0.0 0.0
t 56 52 51   0.0 0.0 -1.0  31  0.0 0.0  0.0 1.0  1.0 1.0
t 51 55 56   0.0 0.0 -1.0  31  1.0 1.0  1.0 0.0  0.0 0.0
t 55 51 54   -1.0 0.0 0.0  31  0.0 0.0  0.0 1.0  1.0 1.0
t 54 58 55   -1.0 0.0 0.0  31  1.0 1.0  1.0 0.0  0.0 0.0
t 67 58 57   0.0 1.0 1.0   32  0.5 0.0  0.0 1.0  1.0 1.0
t 67 57 56   1.0 1.0 0.0   32  0.5 0.0  0.0 1.0  1.0 1.0
t 67 56 55   0.0 1.0 -1.0  32  0.5 0.0  0.0 1.0  1.0 1.0
t 67 55 58   -1.0 1.0 0.0  32  0.5 0.0  0.0 1.0  1.0 1.0
t 66 62 61   0.0 0.0 1.0   31  0.0 0.0  0.0 1.0  1.0 1.0
t 61 65 66   0.0 0.0 1.0   31  1.0 1.0  1.0 0.0  0.0 0.0
t 65 61 60   1.0 0.0 0.0   31  0.0 0.0  0.0 1.0  1.0 1.0
t 60 64 65   1.0 0.0 0.0   31  1.0 1.0  1.0 0.0  0.0 0.0
t 64 60 59   0.0 0.0 -1.0  31  0.0 0.0  0.0 1.0  1.0 1.0
t 59 63 64   0.0 0.0 -1.0  31  1.0 1.0  1.0 0.0  0.0 0.0
t 63 59 62   -1.0 0.0 0.0  31  0.0 0.0  0.0 1.0  1.0 1.0
t 62 66 63   -1.0 0.0 0.0  31  1.0 1.0  1.0 0.0  0.0 0.0
t 63 66 65   0.0 1.0 0.0   31  0.0 0.0  0.0 1.0  1.0 1.0
t 65 64 63   0.0 1.0 0.0   31  1.0 1.0  1.0 0.0  0.0 0.0
# Skylight#2 (22: 77-98)
t 75 71 70   0.0 0.0 1.0   31  0.0 0.0  0.0 1.0  1.0 1.0
t 70 74 75   0.0 0.0 1.0   31  1.0 1.0  1.0 0.0  0.0 0.0
t 74 70 69   1.0 0.0 0.0   31  0.0 0.0  0.0 1.0  1.0 1.0
t 69 73 74   1.0 0.0 0.0   31  1.0 1.0  1.0 0.0  0.0 0.0
t 73 69 68   0.0 0.0 -1.0  31  0.0 0.0  0.0 1.0  1.0 1.0
t 68 72 73   0.0 0.0 -1.0  31  1.0 1.0  1.0 0.0  0.0 0.0
t 72 68 71   -1.0 0.0 0.0  31  0.0 0.0  0.0 1.0  1.0 1.0
t 71 75 72   -1.0 0.0 0.0  31  1.0 1.0  1.0 0.0  0.0 0.0
t 84 75 74   0.0 1.0 1.0   32  0.5 0.0  0.0 1.0  1.0 1.0
t 84 74 73   1.0 1.0 0.0   32  0.5 0.0  0.0 1.0  1.0 1.0
t 84 73 72   0.0 1.0 -1.0  32  0.5 0.0  0.0 1.0  1.0 1.0
t 84 72 75   -1.0 1.0 0.0  32  0.5 0.0  0.0 1.0  1.0 1.0
t 83 79 78   0.0 0.0 1.0   31  0.0 0.0  0.0 1.0  1.0 1.0
t 78 82 83   0.0 0.0 1.0   31  1.0 1.0  1.0 0.0  0.0 0.0
t 82 78 77   1.0 0.0 0.0   31  0.0 0.0  0.0 1.0  1.0 1.0
t 77 81 82   1.0 0.0 0.0   31  1.0 1.0  1.0 0.0  0.0 0.0
t 81 77 76   0.0 0.0 -1.0  31  0.0 0.0  0.0 1.0  1.0 1.0
t 76 80 81   0.0 0.0 -1.0  31  1.0 1.0  1.0 0.0  0.0 0.0
t 80 76 79   -1.0 0.0 0.0  31  0.0 0.0  0.0 1.0  1.0 1.0
t 79 83 80   -1.0 0.0 0.0  31  1.0 1.0  1.0 0.0  0.0 0.0
t 80 83 82   0.0 1.0 0.0   31  0.0 0.0  0.0 1.0  1.0 1.0
t 82 81 80   0.0 1.0 0.0   31  1.0 1.0  1.0 0.0  0.0 0.0
# Vent 1 (10: 99-108)
t 89 85 88   -1.0 0.0 0.0  36  0.0 0.0  0.0 1.0  1.0 1.0
t 88 92 89   -1.0 0.0 0.0  36  1.0 1.0  1.0 0.0  0.0 0.0
t 92 88 87   0.0 -1.0 1.0  36  0.0 0.0  0.0 1.0  1.0 1.0
t 87 91 92   0.0 -1.0 1.0  36  1.0 1.0  1.0 0.0  0.0 0.0
t 91 87 86   1.0 0.0 0.0   36  0.0 0.0  0.0 1.0  1.0 1.0
t 86 90 91   1.0 0.0 0.0   36  1.0 1.0  1.0 0.0  0.0 0.0
t 90 86 85   0.0 1.0 -1.0  36  0.0 0.0  0.0 1.0  1.0 1.0
t 85 89 90   0.0 1.0 -1.0  36  1.0 1.0  1.0 0.0  0.0 0.0
t 89 92 91   0.0 1.0 1.0   36  0.0 0.0  0.0 1.0  1.0 1.0
t 91 90 89   0.0 1.0 1.0   36  1.0 1.0  1.0 0.0  0.0 0.0
# Vent 2 (10: 109-118)
t 97 93 96   -1.0 0.0 0.0  36  0.0 0.0  0.0 1.0  1.0 1.0
t 96 100 97  -1.0 0.0 0.0  36  1.0 1.0  1.0 0.0  0.0 0.0
t 100 96 95  0.0 -1.0 1.0  36  0.0 0.0  0.0 1.0  1.0 1.0
t 95 99 100  0.0 -1.0 1.0  36  1.0 1.0  1.0 0.0  0.0 0.0
t 99 95 94   1.0 0.0 0.0   36  0.0 0.0  0.0 1.0  1.0 1.0
t 94 98 99   1.0 0.0 0.0   36  1.0 1.0  1.0 0.0  0.0 0.0
t 98 94 93   0.0 1.0 -1.0  36  0.0 0.0  0.0 1.0  1.0 1.0
t 93 97 98   0.0 1.0 -1.0  36  1.0 1.0  1.0 0.0  0.0 0.0
t 97 100 99  0.0 1.0 1.0   36  0.0 0.0  0.0 1.0  1.0 1.0
t 99 98 97   0.0 1.0 1.0   36  1.0 1.0  1.0 0.0  0.0 0.0
# Vent 3 (10: 119-128)
t 105 101 104  -1.0 0.0 0.0   36  0.0 0.0  0.0 1.0  1.0 1.0
t 104 108 105  -1.0 0.0 0.0   36  1.0 1.0  1.0 0.0  0.0 0.0
t 108 104 103  0.0 1.0 1.0    36  0.0 0.0  0.0 1.0  1.0 1.0
t 103 107 108  0.0 1.0 1.0    36  1.0 1.0  1.0 0.0  0.0 0.0
t 107 103 102  1.0 0.0 0.0    36  0.0 0.0  0.0 1.0  1.0 1.0
t 102 106 107  1.0 0.0 0.0    36  1.0 1.0  1.0 0.0  0.0 0.0
t 106 102 101  0.0 -1.0 -1.0  36  0.0 0.0  0.0 1.0  1.0 1.0
t 101 105 106  0.0 -1.0 -1.0  36  1.0 1.0  1.0 0.0  0.0 0.0
t 105 108 107  0.0 1.0 -1.0   36  0.0 0.0  0.0 1.0  1.0 1.0
t 107 106 105  0.0 1.0 -1.0   36  1.0 1.0  1.0 0.0  0.0 0.0
# Vent 4 (10: 129-138)
t 113 109 112  -1.0 0.0 0.0   36  0.0 0.0  0.0 1.0  1.0 1.0
t 112 116 113  -1.0 0.0 0.0   36  1.0 1.0  1.0 0.0  0.0 0.0
t 116 112 111  0.0 1.0 1.0    36  0.0 0.0  0.0 1.0  1.0 1.0
t 111 115 116  0.0 1.0 1.0    36  1.0 1.0  1.0 0.0  0.0 0.0
t 115 111 110  1.0 0.0 0.0    36  0.0 0.0  0.0 1.0  1.0 1.0
t 110 114 115  1.0 0.0 0.0    36  1.0 1.0  1.0 0.0  0.0 0.0
t 114 110 109  0.0 -1.0 -1.0  36  0.0 0.0  0.0 1.0  1.0 1.0
t 109 113 114  0.0 -1.0 -1.0  36  1.0 1.0  1.0 0.0  0.0 0.0
t 113 116 115  0.0 1.0 -1.0   36  0.0 0.0  0.0 1.0  1.0 1.0
t 115 114 113  0.0 1.0 -1.0   36  1.0 1.0  1.0 0.0  0.0 0.0
# Vent 5 (10: 139-148)
t 121 117 120  0.0 0.0 -1.0   36  0.0 0.0  0.0 1.0  1.0 1.0
t 120 124 121  0.0 0.0 -1.0   36  1.0 1.0  1.0 0.0  0.0 0.0
t 124 120 119  -1.0 -1.0 0.0  36  0.0 0.0  0.0 1.0  1.0 1.0
t 119 123 124  -1.0 -1.0 0.0  36  1.0 1.0  1.0 0.0  0.0 0.0
t 123 119 118  0.0 0.0 1.0    36  0.0 0.0  0.0 1.0  1.0 1.0
t 118 122 123  0.0 0.0 1.0    36  1.0 1.0  1.0 0.0  0.0 0.0
t 122 118 117  1.0 1.0 0.0    36  0.0 0.0  0.0 1.0  1.0 1.0
t 117 121 122  1.0 1.0 0.0    36  1.0 1.0  1.0 0.0  0.0 0.0
t 121 124 123  -1.0 1.0 0.0   36  0.0 0.0  0.0 1.0  1.0 1.0
t 123 122 121  -1.0 1.0 0.0   36 1.0 1.0  1.0 0.0  0.0 0.0
# Vent 6 (10: 149-158)
t 129 125 128  0.0 0.0 -1.0   36  0.0 0.0  0.0 1.0  1.0 1.0
t 128 132 129  0.0 0.0 -1.0   36  1.0 1.0  1.0 0.0  0.0 0.0
t 132 128 127  -1.0 -1.0 0.0  36  0.0 0.0  0.0 1.0  1.0 1.0
t 127 131 132  -1.0 -1.0 0.0  36  1.0 1.0  1.0 0.0  0.0 0.0
t 131 127 126  0.0 0.0 1.0    36  0.0 0.0  0.0 1.0  1.0 1.0
t 126 130 131  0.0 0.0 1.0    36  1.0 1.0  1.0 0.0  0.0 0.0
t 130 126 125  1.0 1.0 0.0    36  0.0 0.0  0.0 1.0  1.0 1.0
t 125 129 130  1.0 1.0 0.0    36  1.0 1.0  1.0 0.0  0.0 0.0
t 129 132 131  -1.0 1.0 0.0   36  0.0 0.0  0.0 1.0  1.0 1.0
t 131 130 129  -1.0 1.0 0.0   36  1.0 1.0  1.0 0.0  0.0 0.0

# BBQ Thingy (10: 159-168)
t 137 133 136  -1.0 0.0 0.0  33  0.0 0.0  0.0 1.0  1.0 1.0
t 136 140 137  -1.0 0.0 0.0  33  1.0 1.0  1.0 0.0  0.0 0.0
t 140 136 135  0.0 0.0 1.0   34  0.0 0.0  0.0 1.0  1.0 1.0
t 135 139 140  0.0 0.0 1.0   34  1.0 1.0  1.0 0.0  0.0 0.0
t 139 135 134  1.0 0.0 0.0   33  0.0 0.0  0.0 1.0  1.0 1.0
t 134 138 139  1.0 0.0 0.0   33  1.0 1.0  1.0 0.0  0.0 0.0
t 138 134 133  0.0 0.0 -1.0  34  0.0 0.0  0.0 1.0  1.0 1.0
t 133 137 138  0.0 0.0 -1.0  34  1.0 1.0  1.0 0.0  0.0 0.0
t 137 140 139  0.0 1.0 0.0   35  0.0 0.0  0.0 1.0  1.0 1.0
t 139 138 137  0.0 1.0 0.0   35  1.0 1.0  1.0 0.0  0.0 0.0
