# Miles Kaech : 49816051

Student Recreation Center

# Number of textures
9

# Names of textures, in order used below
Front_1.ppm
Front_2.ppm
Back.ppm
Left.ppm
Right.ppm
Top.ppm
Wedge_back.ppm
Wedge_front.ppm
Wedge_right.ppm

# Number of vertices
28

# List of vertices

# Main building ground level vertices
v 0.0 0.0 0.1989
v 0.0 0.0 0.51
v 0.877 0.0 0.51
v 0.877 0.0 0.1989
v 0.877 0.0 0.0
v 0.093 0.0 0.0
v 0.093 0.0 0.1989

# Main building second level verts
v 0.0 0.1134 0.1989
v 0.0 0.1134 0.51
v 0.877 0.1134 0.51
v 0.877 0.1134 0.4488
v 0.093 0.1134 0.4488
v 0.093 0.1134 0.1989

# Main building top level verts
v 0.093 0.1491 0.0
v 0.093 0.1785 0.1989
v 0.093 0.1491 0.4488
v 0.877 0.1491 0.4488
v 0.877 0.1785 0.1989
v 0.877 0.1491 0.0

# Wedge lower level
v 1.0 0.0 0.51
v 1.0 0.0 0.1989

# Wedge top level
v 0.877 0.21 0.1989
v 0.877 0.21 0.51
v 0.972 0.21 0.51
v 0.972 0.21 0.1989

# forgotten vertex
v 0.093 0.1134 0.0
v 0.877 0.1134 0.1989
v 0.0 0.1134 0.4488


# Number of triangles
35

# List of triangles

# Left lower
t   0  1  7   -1.0 0.0 0.0   3   0.4 1.0  1.0 1.0  0.4 0.39
t   1  8  7   -1.0 0.0 0.0   3   1.0 1.0  1.0 0.39  0.4 0.39

# Front lower
t   1  2  8   0.0 0.0 1.0    0   0.0 1.0  1.0 1.0  0.0 0.0
t   2  9  8   0.0 0.0 1.0    0   1.0 1.0  1.0 0.0  0.0 0.0

# Left flat
t  7 27  12   0.0 1.0 0.0    5   0.0 0.4  0.0 0.91   0.088 0.4
t 27 11  12   0.0 1.0 0.0    5   0.0 0.91 0.088 0.91 0.088 0.4

# Front flat
t  8  9  27   0.0 1.0 0.0    5   0.0 1.0  1.0 1.0  0.0 0.91
t  9 10  27   0.0 1.0 0.0    5   1.0 1.0  1.0 0.91  0.0 0.91

# Front upper
t  11 10 15   0.0 0.0 1.0    1   0.0 1.0  1.0 1.0  0.0 0.0
t  10 16 15   0.0 0.0 1.0    1   1.0 1.0  1.0 0.0  0.0 0.0

# Left upper
t 25 11 13   -1.0 0.0 0.0   3   0.087 0.361  0.895 0.361  0.087 0.248
t 11 15 13   -1.0 0.0 0.0   3   0.895 0.361  0.895 0.248  0.087 0.248
t 13 15 14   -1.0 0.0 0.0   3   0.087 0.248  0.895 0.248  0.446 0.206

# Back
t  4  5 18    0.0 0.0 -1.0   2   0.0 1.0  1.0 1.0  0.0 0.0
t  5 13 18    0.0 0.0 -1.0   2   1.0 1.0  1.0 0.0  0.0 0.0

# Top
t 15 16 14    0.0 1.0 0.0    5   0.094 0.87  0.867 0.87  0.094 0.387
t 16 17 14    0.0 1.0 0.0    5   0.867 0.87  0.867 0.387  0.094 0.387
t 14 17 13    0.0 1.0 0.0    5   0.094 0.387  0.867 0.387  0.094 0.023   
t 17 18 13    0.0 1.0 0.0    5   0.867 0.387  0.867 0.023  0.094 0.023

# Wedge Front
t  2 19 22    0.0 0.0 1.0    7   0.0 1.0  1.0 1.0  0.0 0.0
t 19 23 22    0.0 0.0 1.0    7   1.0 1.0  0.69 0.0  0.0 0.0

# Wedge Right
t  19 20 23   1.0 0.0 0.0    8   0.0 1.0  0.886 1.0  0.094 0.041
t  20 24 23   1.0 0.0 0.0    8   0.886 1.0  0.886 0.006  0.094 0.041

# Wedge Left
t  26 9 21    -1.0 0.0 0.0   6    0.28 0.54  1.0 0.54  0.28 0.0
t  9 22 21    -1.0 0.0 0.0   6    1.0 0.54  1.0 0.0  0.28 0.0

# Wedge Top
t  22 23 21   0.0 1.0 0.0    5   0.916 0.863  0.994 0.863  0.916 0.402
t  23 24 21   0.0 1.0 0.0    5   0.994 0.863  0.994 0.402  0.916 0.402

# Wedge Back
t  20  3 24   0.0 0.0 -1.0   6   0.0 1.0  1.0 1.0  0.278 0.0
t  3  21 24   0.0 0.0 -1.0   6   1.0 1.0  1.0 0.0  0.278 0.0

# Right
t   3  4 17   1.0 0.0 0.0    4   0.0 1.0  1.0 1.0  0.0 0.0
t   4 18 17   1.0 0.0 0.0    4   1.0 1.0  1.0 0.2  0.0 0.0

# Left back
t   5  6 25   -1.0 0.0 0.0   3   0.0 1.0  0.2 1.0  0.0 0.39
t   6 12 25   -1.0 0.0 0.0   3   0.2 1.0  0.2 0.39  0.0 0.39

# Back left
t   6  0 12   0.0 0.0 -1.0   3   0.2 1.0  0.4 1.0  0.2 0.39
t   0  7 12   0.0 0.0 -1.0   3   0.4 1.0  0.4 0.39  0.2 0.39
