# Edwin Jaury : 80689060

Morris and Hellen Belkin Art Gallery

# Number of textures
20

# Names of textures, in order used below
Texture000.ppm
Texture001.ppm
Texture002.ppm
Texture003.ppm
Texture004.ppm
Texture005.ppm
Texture006.ppm
Texture007.ppm
Texture008.ppm
Texture009.ppm
Texture010.ppm
Texture011.ppm
Texture012.ppm
Texture013.ppm
Texture014.ppm
Texture015.ppm
Texture016.ppm
Texture017.ppm
Texture018.ppm
Texture019.ppm

# Number of vertices
34

# List of vertices

# Ground level vertices
v -3.0 0.0 3.0
v 3.0 0.0 3.0
v 3.0 0.0 0.0
v 5.0 0.0 0.0
v 8.0 0.0 1.25
v 8.0 0.0 -2.0
v 8.0 0.0 -5.0
v -3.5 0.0 -5.0
v -3.0 0.0 -2.0

# Level 2 vertices
v -3.0 2.0 3.0
v 3.0 2.0 3.0
v 3.0 2.0 0.0
v 5.0 2.0 0.0
v 5.0 2.0 -2.0
v 8.0 2.0 -2.0
v 8.0 2.0 -5.0
v -3.0 2.0 -5.0
v -3.5 2.0 -5.0
v -3.0 2.0 -2.0

# Level 3 vertices
v -3.0 2.75 3.75
v 3.0 2.75 3.75

# Level 4 vertices
v -3.0 3.0 -3.0
v 8.0 3.0 -3.0

# Level 5 vertices
v 5.0 4.0 0.0
v 8.0 4.0 1.25
v 8.0 4.0 0.0
v 8.0 4.0 -2.0
v 5.0 4.0 -2.0

# Forgotten vertices
v 3.0 2.0 -2.0
v -3.0 2.0 -3.0
v 8.0 2.0 -3.0
v -3.0 0.0 -5.0
v 3.0 0.0 -5.0
v 8.0 0.0 0.0


# Number of triangles
48

# List of triangles

# Front
t	  9 20 19	  0.0 4.5 -4.5    4   0.0 1.0   1.0 0.0   0.0 0.0 
t   9 10 20	  0.0 4.5 -4.5    4   0.0 1.0   1.0 1.0   1.0 0.0 
t   0 10  9	  0.0 0.0 1.0     0   0.0 1.0   1.0 0.0   0.0 0.0 
t	  0  1 10	  0.0 0.0 1.0     0   0.0 1.0   1.0 1.0   1.0 0.0
t   2 12 11	  0.0 0.0 1.0     3   0.0 1.0   1.0 0.0   0.0 0.0 
t   2  3 12	  0.0 0.0 1.0     3   0.0 1.0   1.0 1.0   1.0 0.0 
t   3 24 23	  -5.0 0.0 12.0   1   0.0 1.0   1.0 0.0   0.0 0.0
t   3  4 24   -5.0 0.0 12.0   1   0.0 1.0   1.0 1.0   1.0 0.0

# Back
t	 14 27 26   0.0 0.0 -1.0    2   0.0 1.0   1.0 0.0   0.0 0.0 
t  14 13 27   0.0 0.0 -1.0    2   0.0 1.0   1.0 1.0   1.0 0.0
t   6 17 15   0.0 0.0 -1.0   12   0.0 1.0   1.0 0.0   0.0 0.0
t   6  7 17   0.0 0.0 -1.0   12   0.0 1.0   1.0 1.0   1.0 0.0

# Left
t  16 29 21  -1.0 0.0 0.0     5   0.0 1.0   1.0 1.0   1.0 0.0 
t   7 18 17  -6.0 0.0 1.0     7   0.0 1.0   1.0 0.0   0.0 0.0 
t   7  8 18  -6.0 0.0 1.0     7   0.0 1.0   1.0 1.0   1.0 0.0 
t  13 23 27  -1.0 0.0 0.0     2   0.0 1.0   1.0 0.0   0.0 0.0 
t  13 12 23  -1.0 0.0 0.0     2   0.0 1.0   1.0 1.0   1.0 0.0 
t  18  9 19  -1.0 0.0 0.0     8   0.0 1.0   0.87 1.0  1.0 0.0 
t   8  9 18  -1.0 0.0 0.0     9   0.0 1.0   1.0 0.0   0.0 0.0   
t   8  0  9  -1.0 0.0 0.0     9   0.0 1.0   1.0 1.0   1.0 0.0 
t  29 18 21  -1.0 0.0 0.0     6   0.0 1.0   1.0 1.0   0.0 0.0 

# Right
t   1 11 10   1.0 0.0 0.0     9   0.0 1.0   1.0 0.0   0.0 0.0 
t   1  2 11   1.0 0.0 0.0     9   0.0 1.0   1.0 1.0   1.0 0.0 
t   4 26 24   1.0 0.0 0.0    10   0.0 1.0   1.0 0.0   0.0 0.0 
t   4  5 26   1.0 0.0 0.0    10   0.0 1.0   1.0 1.0   1.0 0.0 
t  14 30 22   1.0 0.0 0.0     6   1.0 1.0   0.0 1.0   0.0 0.0 
t   5 15 14   1.0 0.0 0.0    11   0.0 1.0   1.0 0.0   0.0 0.0  
t   5  6 15   1.0 0.0 0.0    11   0.0 1.0   1.0 1.0   1.0 0.0 
t  10 28 20   1.0 0.0 0.0     8   0.87 1.0  0.0 1.0   1.0 0.0
t  30 15 22   1.0 0.0 0.0     5   1.0 1.0   0.0 1.0   1.0 0.0 

# Top
t  17 18 16   0.0 1.0 0.0    19   0.0 0.0   1.0 1.0   1.0 0.0 
t  21 15 16   0.0 22.0 -11.0 17   0.0 1.0   1.0 0.0   0.0 0.0 
t  21 22 15   0.0 22.0 -11.0 17   0.0 1.0   1.0 1.0   1.0 0.0 
t  18 22 21   0.0 11.0 11.0  18   0.0 1.0   1.0 0.0   0.0 0.0 
t  18 14 22   0.0 11.0 11.0  18   0.0 1.0   1.0 1.0   1.0 0.0 
t  19 28 18   0.0 34.5 -4.5  13   0.0 1.0   1.0 0.0   0.0 0.0 
t  19 20 28   0.0 34.5 -4.5  13   0.0 1.0   1.0 1.0   1.0 0.0 
t  11 13 28   0.0 1.0 0.0    14   0.0 1.0   1.0 0.0   0.0 0.0 
t  11 12 13   0.0 1.0 0.0    14   0.0 1.0   1.0 1.0   1.0 0.0 
t  23 26 27   0.0 1.0 0.0    15   0.0 1.0   1.0 0.0   0.0 0.0 
t  23 25 26   0.0 1.0 0.0    15   0.0 1.0   1.0 1.0   1.0 0.0 
t  23 24 25   0.0 1.0 0.0    16   0.0 0.0   1.0 1.0   1.0 0.0


# Floor - Just point to non-existing texture to make it blank
t   8 31  7   0.0 -1.0 0.0   20   0.0 1.0   1.0 0.0   0.0 0.0
t   0 32 31   0.0 -1.0 0.0   20   0.0 1.0   1.0 0.0   0.0 0.0
t   0  1 32   0.0 -1.0 0.0   20   0.0 1.0   1.0 0.0   0.0 0.0
t   2  6 32   0.0 -1.0 0.0   20   0.0 1.0   1.0 0.0   0.0 0.0
t   2 33  6   0.0 -1.0 0.0   20   0.0 1.0   1.0 0.0   0.0 0.0
t   3  4 33   0.0 -1.0 0.0   20   0.0 1.0   1.0 0.0   0.0 0.0